ID,kb1,kb2,kb3,kp1,kp2,kp3,DT1,DT2,DT3
21004,2.83878141371768,3.1817514020476,3.45411203056155,6.0994923070794105,6.5297278852243705,6.288484699776079,248.0,137.0,171.0
21007,4.77419485477268,4.313162449527071,3.91735344919456,4.64787886204243,2.5791434630327394,4.1115275757339,285.0,160.0,154.0
21009,2.57985384196319,3.9581857449460998,1.39823796373248,5.648523128106911,6.13682181371017,5.83384997595908,313.0,112.0,196.0
21019,3.32613367438001,2.87935675821533,2.19102767898321,4.882252704871171,6.41280596152492,6.287378846686679,247.0,148.0,137.0
21026,3.5200059295262,4.19540112773481,2.71178687124883,4.73139665530505,5.95148253585042,5.15411296772178,247.0,114.0,189.0
21034,1.72852735690131,2.73379596366128,4.33851136481719,4.8209476967269,5.099022316336579,4.88824624982967,172.0,89.0,163.0
21036,4.60125765807678,4.30251264820888,2.61242583592722,4.881843300259379,2.55066902688823,3.5134409900428696,237.0,259.0,242.0
21040,2.45716673209755,2.50572424193648,4.17511815307747,5.359432882042011,6.9942074307732,7.79873150924195,201.0,128.0,187.0
21059,2.64092893435949,3.58839033549615,3.6865694904412205,7.01579415265591,7.21161454417454,6.9089692460109795,172.0,117.0,194.0
21081,3.07625059427442,4.1220720124958605,2.58769293474398,7.73264467734938,5.99098967237917,4.58594594345653,181.0,150.0,189.0
21094,3.86431729885816,3.17420515124362,3.9305403611998795,6.767030639950129,6.440708314441561,5.652864732525511,230.0,184.0,216.0
21103,3.4407340722554896,4.71876305920535,2.9695947551644797,5.280339812903961,7.562729560690999,5.41082868303824,226.0,110.0,218.0
21107,2.6869951249325803,2.9751879314003498,4.97985563962834,5.2104047326303,5.79127507542492,3.82847472957886,299.0,48.0,151.0
21113,3.30407073083072,3.6702808192121297,2.91355507912357,6.39940166939288,6.07664018414313,5.46525211427699,240.0,183.0,188.0
21121,2.75050618146053,3.69507554211625,1.85970582605074,3.91100463636148,3.19796328342643,3.44369407553551,218.0,100.0,218.0
21124,3.0662863343261604,2.53263360222537,4.35922927870929,5.534099096713151,6.0108794457768004,5.5969552280853705,217.0,130.0,152.0
21126,3.30343984051934,3.53650009390809,2.34385457675023,4.66582637602534,5.00733431053449,3.76693248872689,181.0,115.0,246.0
21135,5.61572039080737,5.71395882471425,2.4021035434280997,5.29887177620435,6.8138585206485,5.4034797332681705,284.0,151.0,130.0
21137,3.45150897112902,5.42444760956227,3.6022942226472896,9.98855451787432,7.28501110279477,5.070863268215801,121.0,119.0,218.0
21141,3.3616985287018197,4.8759416306051495,1.1982730732084,5.833727214535361,2.48197990633082,4.60644874490054,201.0,101.0,182.0
21158,3.21623275662123,4.080789147130189,2.69172945259188,6.62873504343723,5.28472875227066,5.38539380166032,213.0,136.0,158.0
21159,3.19298608499561,3.48411673342849,3.8524730487952206,5.68179723107445,5.4811868689106396,3.13471354542756,133.0,119.0,256.0
21180,3.6307340275558704,4.18826616676398,3.17034003288098,5.09514164102069,5.48019813087762,5.40633125338649,278.0,83.0,229.0
21183,2.07427644461411,2.79942316288569,3.01849218175814,6.382922334529311,6.72388902201017,6.2939719035395,196.0,109.0,129.0
21191,3.38609883423749,2.8748282356770503,2.89405281221801,4.39773437850087,5.572703664926621,4.39876556346962,233.0,161.0,170.0
21193,2.90634742159364,2.40143008188873,8.6126789018892,5.99196603075178,5.49715610099948,4.85458782345972,146.0,72.0,330.0
21200,3.1269510939193,3.0689866671190895,3.31438731502552,6.349933757992471,6.85074492453828,6.62517524491186,254.0,136.0,125.0
21207,2.79218977966488,3.5466667553628897,2.96401495310312,4.78860964954649,6.93610013317803,4.020804671568199,157.0,103.0,286.0
21219,2.50118752049161,2.77669906204921,5.91632889462326,5.37180751872556,5.80629420083127,5.04842080618378,138.0,41.0,221.0
21220,2.6191197268794397,3.2909730796332,3.17463515561347,6.37592563777049,5.96028925717275,5.7015225144638,183.0,124.0,278.0
21226,3.7314075758357297,3.42601942796782,2.9513849615369803,6.41402329424597,5.1526281498728705,5.24034796769977,289.0,121.0,176.0
21243,3.98937069700186,3.71465075559428,3.6060090751164497,6.6487849130996395,5.81228328310743,4.863717044820451,156.0,161.0,182.0
21248,2.6849736238957997,3.3284020906173297,3.55187664374936,4.8398238388426,6.55358164565121,4.887398833014729,209.0,161.0,184.0
21256,3.89410604907667,3.3677693146081804,2.85397480692746,5.56853773950961,5.2226177044300295,4.63688175904033,218.0,199.0,161.0
21274,2.6918701915463,3.7275796585866297,2.86512284376832,7.33485019259748,7.90324669829604,7.213038212206571,180.0,121.0,156.0
21275,3.3425171407904894,3.1979028952591397,3.6124539041376793,6.07912748421335,8.06411479551034,5.73258875971235,160.0,135.0,151.0
21281,3.1894730938549603,3.35540374134709,2.43020019868307,6.19338270987698,5.9342022474073595,5.39926113457651,284.0,119.0,126.0
21286,3.1596747981256104,7.5790589716412,2.9082266421258502,4.82427792608581,7.233100489829991,3.00430804894207,174.0,114.0,372.0
21290,4.17417769126259,4.4614349355343395,4.05864629636627,5.955458144214079,2.81476657135026,3.7573572536071898,262.0,134.0,269.0
21294,3.9035486384508298,3.39164224789907,3.15945771035417,6.78229219357842,6.5875780720292605,5.4292145430778,167.0,154.0,162.0
21296,3.86386767534086,4.569404891645941,2.19633555500547,5.16839627848654,2.8500418978384396,4.93661345477126,339.0,114.0,188.0
21314,3.5728279746367204,3.60112032595257,3.59164630555121,5.788785630592161,6.59514296065513,5.91161025766742,231.0,164.0,177.0
21339,3.32791160230639,3.09151894892279,3.00343404921132,5.64958761720316,5.190142894620779,5.104482820184639,290.0,136.0,175.0
21351,2.85071389721257,2.12503886523557,3.01969139849205,5.073065105512999,6.6784549837268,6.3206616471096,200.0,104.0,149.0
21352,3.35135249139035,2.9793480238853998,2.52695280075485,4.544810684635211,6.93013917965393,5.55802001256734,305.0,162.0,186.0
21360,3.2083933819977104,4.27474029371559,3.2481894229346,6.79547347328254,7.27063748394873,5.66563314467339,146.0,119.0,175.0
21385,4.25503248513007,3.00011787397555,3.2411971293929898,6.264597099775671,6.557678233147629,4.93109123614735,209.0,157.0,162.0
21410,3.6612259519901795,3.9382564239731703,2.80452160478846,5.41445727397916,8.74493754962742,4.73838213363445,213.0,140.0,214.0
21412,3.98958780844616,2.77683701320176,2.95437534753068,6.124196310306029,6.15063967888186,5.63391572653209,245.0,191.0,186.0
21416,2.5895252172701198,5.03893812705313,4.86303663814864,8.71833070778627,8.725171923826041,8.43727978581808,166.0,131.0,186.0
21421,3.1567514012052,4.35942301632658,3.32270567465854,6.65894501705266,8.8313939872459,6.096420621808879,177.0,142.0,118.0
21435,3.52788882837426,5.04923663911886,2.72022683633947,7.291264488229671,4.82191403039271,4.9564074862971,234.0,150.0,214.0
21440,1.1410232638695699,3.09037243123484,2.03765758391055,7.2684756127400005,5.22202558797765,5.206904991360711,153.0,126.0,120.0
21454,3.10458098098093,3.5000818050438602,2.4559157992987997,3.9006639859593104,6.5382245947362,4.66095864900949,290.0,164.0,172.0
21455,3.22283295484281,3.13697724595834,3.5491602071382102,5.763563265813679,6.56146418386741,5.22832652420683,185.0,127.0,147.0
21458,3.9415780077750395,3.3493829466796803,3.5758540185105705,5.62282188828363,4.59937939972721,3.74032875237661,203.0,125.0,158.0
21462,3.98715393200121,4.42706128696161,1.9643387523213103,3.95350533161965,6.23301630402512,3.12678093825511,249.0,125.0,138.0
21475,3.9629962657929303,3.24592963139518,2.81630721134675,4.61808536422457,6.63340765337899,4.6134857610780795,182.0,130.0,200.0
21500,4.71467777801783,3.22791769404893,2.8961431986719397,4.3047020667121,6.50327151872161,4.45121586145615,151.0,200.0,152.0
21508,4.188434707128171,7.481768284104341,3.0399786768119803,4.3659841843089895,8.207687846000342,3.79616785182557,159.0,122.0,211.0
21511,4.32681543922223,2.75674774552302,3.1294062916133196,7.749481441228521,8.305140352529401,6.72491958494731,142.0,175.0,123.0
21516,4.6616598984703295,4.94894145289748,2.7881359997090103,6.49032538375354,6.1314439070758,3.3754792464960897,137.0,94.0,238.0
21544,3.63729362468726,2.78430784723794,2.81398539651209,5.551689686997229,5.4942902559490205,4.69350094803298,296.0,101.0,258.0
21545,3.8346601694178797,3.28932106505291,2.6450615290212,5.689865316254271,4.84733379336219,4.332556956212871,170.0,131.0,190.0
31281,4.72022903812774,3.1426397614064303,3.0976712538829,4.376369369016801,4.63239249613147,3.26822692805195,134.0,146.0,174.0
31312,3.48729139337475,2.6619846167583,3.34348348860562,4.859591217464439,5.70586077787653,3.06571749383111,204.0,134.0,162.0
31321,3.48287428510802,3.19116755410372,2.95514458726397,5.53293733849364,4.83720039671495,3.92399654640402,165.0,250.0,136.0
31326,3.75397338275092,3.72739521213672,3.1368726531431,4.301177752930561,5.97680358909558,3.73599644310181,219.0,113.0,274.0
31339,4.61317979331458,4.05300123977012,4.741534513358021,5.4496778294738295,6.32686633281029,3.4033732139055197,172.0,144.0,156.0
31343,3.74345426407608,3.0031439102893698,3.58655719074101,4.386983681016621,5.17990593314311,3.5860811809434705,199.0,225.0,122.0
31364,4.46067135875288,5.02082892475242,6.07880938836435,6.88189415325803,6.3078661739002495,2.19909519126105,165.0,175.0,300.0
31374,3.7421560854318705,2.74747323283674,2.79341578604848,5.13525124016698,6.09888395922097,5.201801950960229,254.0,182.0,173.0
31380,3.65268309504957,3.85868085537789,5.3582810181157,7.5284935480768205,8.40903739205817,4.560916341454071,186.0,174.0,287.0
31392,4.22059393433772,3.63027942267904,3.78782845672793,5.74047760410926,6.254965061384801,3.8250421243276502,160.0,129.0,217.0
31438,2.860016383221,2.68737229164708,4.6146714211270705,5.786882199408879,6.011709041506771,2.99972056948587,88.0,200.0,105.0
31473,3.45157069487599,3.1422293645994697,2.9951768468138997,6.34740798201201,6.15876727841186,5.5877848325504,231.0,186.0,148.0
31479,4.23279875041188,3.19457321959387,4.4782517626110705,5.43204719126884,6.0300502153331,3.54864923966876,200.0,174.0,277.0
31534,2.55978327598255,2.82172527214286,1.19810634581341,7.43729055093034,5.849453753787929,6.06512196522299,244.0,177.0,156.0
31575,3.67302712566727,3.9948377489520204,2.92314024757311,6.3521055775289295,5.41278695138253,2.95218856034335,221.0,131.0,183.0
31583,5.67420773594219,4.500611855336171,3.8590102939247797,6.424941631202261,5.574139103532049,3.5339038778486898,147.0,188.0,149.0
31600,3.2065281198298696,3.95788611880941,4.0205818095015005,6.71307461822929,8.31856903295109,7.4977042898452995,183.0,105.0,152.0
31642,4.514112913453629,2.9287668241466998,2.50168381413842,4.27503575482418,6.968854839708711,4.80912930530139,284.0,157.0,149.0
31657,3.80843652106906,3.18258882072282,3.53312723972964,4.723397035449089,6.13358068423855,3.51631593163434,215.0,185.0,135.0
31660,4.1296239825253895,2.656280126863,2.49305746763906,6.82615436596394,7.591025459139191,7.42689196686953,245.0,125.0,170.0
31697,4.08049149967063,2.4434144437293304,3.3922675276336802,5.09388525277984,5.960405819239679,3.6219912208731797,215.0,137.0,102.0
31706,3.95478938026901,3.5100106134355897,3.0787990113257804,6.13304029207165,5.43905644789424,4.174531269625729,171.0,193.0,150.0
41008,2.86193483596207,3.0388756650944804,3.6897871504360205,5.7761276636260295,8.3421264033553,8.4233635567126,249.0,163.0,144.0
41016,4.50473735521906,3.5519244725843397,5.22151264905948,4.1430933622863,7.38086576198608,2.6692572874453,211.0,144.0,137.0
41058,5.223061495448629,5.30868163539416,3.9285081482437496,4.78421287526651,4.9831159260559295,2.94146535534479,250.0,174.0,170.0
41113,2.96660176743494,3.97514497511619,4.01534166326622,8.18981989537898,7.7991309858430595,6.8041425723973,193.0,183.0,226.0
41132,3.38055271743205,3.36270571078247,3.18689396658898,5.91027764406254,5.50279852678176,4.40739363127949,221.0,117.0,190.0
41175,4.33797058867829,3.70322108484581,2.89179453106333,5.32301320014301,4.04004717458199,4.33590955143923,140.0,220.0,138.0
41197,4.17731340939344,3.9592420906205605,2.44739301025565,6.88731227599861,6.041674014071799,6.011214594130471,133.0,151.0,139.0
41387,3.6610213021100395,3.6423518696024604,2.9303209802265697,5.86632804860428,6.050012838032,4.93179342385844,219.0,129.0,173.0
41414,4.51038179771885,6.47535252989965,2.43806580629108,4.19390030941519,5.4593052095544,4.61084508743493,229.0,138.0,197.0
41451,3.8751579029976204,3.3756161290723603,3.32215944653645,6.53131852845519,7.0702159987429205,5.04398782688688,201.0,148.0,167.0
41456,3.4454492398888896,3.79577907183509,2.2486475218581896,5.25248476902896,5.816547638375701,4.63559673786096,256.0,166.0,185.0
41472,5.60076163294502,3.9104551225375004,1.9800563291631603,5.14652047157359,7.561709719401859,4.31160267205911,142.0,179.0,117.0
41481,4.52661965571526,3.42592878042983,5.3101007947465,5.11390742176646,6.504422501758629,1.73837160705706,263.0,122.0,137.0
41488,3.03923592931386,2.45040356879703,1.59159910834912,5.80078788209587,4.20705095621091,4.97245863070015,219.0,133.0,185.0
41501,3.6454980458111397,3.34906770205353,3.1888793261051105,5.825514392531639,6.12158042137734,4.549724543040311,196.0,153.0,199.0
41513,3.0273451547530397,4.3994866425725,1.80077048220779,9.68875141563025,8.806855413928309,9.49059974017609,115.0,157.0,175.0
41545,3.52537926781989,3.50217714769247,2.72699017772965,6.306203375825679,6.55715965624777,5.39866155309172,260.0,125.0,147.0
41550,3.89582207706186,3.8569594719124396,2.5659959183278302,4.89127189579371,7.556350230258041,5.54084129480751,253.0,165.0,200.0
41560,4.31463294606739,4.4823707451426,2.7650069704181,6.12583187038278,3.18125427196944,4.06193041035609,252.0,140.0,250.0
41605,4.30665141436283,4.0578029839418,2.72584780834143,6.36991407885516,5.452651655981589,5.0206805021320395,193.0,173.0,161.0
41606,3.7997259545348,4.25598192268332,2.74412826059441,6.089498996222079,4.20629440816055,4.32438207260817,156.0,306.0,134.0
41610,4.791896868900579,5.36104557952717,2.0260120422980603,6.98940232534161,7.48303498243523,3.4487473132288105,246.0,168.0,248.0
41622,4.907241451545721,3.3137412559329302,2.15431731855611,5.262749816242589,5.329165832389971,4.93016344916139,219.0,184.0,141.0
41629,3.66484877129981,3.47081713587325,3.7041849658143797,9.723069664121919,9.800800026091679,9.77580143298858,226.0,172.0,205.0
41630,4.26043520401451,3.90582352861152,4.28660541614721,5.63556495531544,3.7705484358879104,3.10229416921052,239.0,153.0,125.0
51180,4.85105771612791,3.53656170435224,2.53952024080403,4.50196828329678,3.5026044006614003,4.35669370148063,200.0,120.0,129.0
51216,3.26211664477559,3.14707239764091,3.5190422755768798,7.17982798858223,6.72826659459831,6.51831954726516,137.0,196.0,193.0
51254,3.95723028071195,4.30754205209073,3.01619949010427,4.60482602920518,6.65279549820826,4.10716989197196,258.0,163.0,257.0
51270,4.62682585292206,3.7315617084536603,2.73330751595708,6.186751850870389,5.92447777144062,5.514810117742379,275.0,161.0,188.0
51273,3.0375370205713104,2.17942374748319,1.8749822861878602,8.002621657113,7.088908492966759,6.20788106249347,222.0,194.0,128.0
51295,5.2852119001155895,3.3055325457619804,3.51502885467236,4.124755317035329,5.47105792451972,3.6201452051838605,256.0,197.0,171.0
51363,4.65495524208094,4.692408687474121,2.9134806102511996,4.77859960259911,6.48029384804238,3.6916143416409395,240.0,170.0,279.0
51379,3.9137427202057298,3.29410127863167,2.5171428428408396,4.836902795413479,6.36357306196568,4.2004349366471,208.0,181.0,164.0
51405,4.08730148806358,2.7368034256983105,2.92325004836658,4.35030363969469,5.21535899104215,3.48222549731028,274.0,131.0,162.0
51436,4.74959919965628,2.97303502870553,2.79924092323258,6.3011058695385795,5.5577908365969995,5.1666960178290795,226.0,163.0,234.0
51437,4.45557856895885,2.4441313096671102,3.42730264625285,5.49360081663269,6.27693230949574,5.01728628043062,196.0,133.0,169.0
51447,4.54352966360452,2.26779631189733,3.01104908340908,5.888908725615409,6.04652958200734,5.1346354761954,167.0,160.0,164.0
51498,3.03422382176778,3.2281697715634396,1.13536253430786,5.96378051811212,8.190922657822119,7.13323383819736,194.0,176.0,161.0
51532,5.18698260970023,2.42282234107188,3.83498625499908,4.71920610041809,4.591385634772929,2.8515666120761303,144.0,156.0,112.0
51562,4.56826497387445,1.94569137632641,2.78686404130002,7.58722285575112,7.703683195259179,7.41237959911584,172.0,194.0,161.0
51575,3.75072416575075,2.62523085339765,2.84038999028773,8.25717238439616,7.2353868436396,5.5687289856006705,148.0,200.0,261.0
51618,4.5242457199198,3.3833040155025103,1.9812222247675102,4.97837593401342,3.67889147088145,4.435624816478171,183.0,183.0,145.0
51648,5.031099053480021,2.35679859652488,2.42526450212089,4.890768928695779,4.89060500068586,4.7923341479221495,271.0,211.0,164.0
51654,4.39452583275504,4.303276205434229,2.3992042701450895,5.16446397038634,6.32525459010639,4.02045556326512,264.0,180.0,183.0
51655,4.93933548875533,2.9168673499990803,3.03078508161401,3.77967467578641,4.25903536630264,3.08145615734729,263.0,143.0,158.0
51658,4.28923434857916,4.48441628501065,2.45084008782261,3.81491337776801,6.75053978175273,5.2216136254768,269.0,155.0,147.0
51681,4.0604837931474895,3.26643204553962,3.02671099619127,6.07958388935167,6.6597128794935205,5.56324286049392,208.0,156.0,176.0
51689,3.42163719471022,3.70880247747447,3.08959957046295,4.82021759350429,6.57549755138239,4.78602217731939,164.0,173.0,289.0
51690,3.79095224705202,3.06517187657315,2.04238883981033,4.717272948599151,5.6204717055501,5.386425355234629,229.0,240.0,119.0
51694,5.1057850514685805,2.3405266538621,2.26421747249055,5.919867628968761,5.942928820350061,5.80494456007541,180.0,189.0,200.0
61002,3.5714811113557503,2.07808147646183,3.01789103685743,4.80345015087355,5.53589515872648,5.09266143390522,265.0,124.0,182.0
61013,3.91792380125223,2.8277425342039,3.2927147401008603,8.67287168481279,8.57451724365806,8.34370794798061,167.0,148.0,124.0
61049,3.7427932715341,3.66761595402392,3.08598046193062,5.9847062434914395,6.14844884936858,4.986892643794,211.0,187.0,178.0
61118,4.968693015885401,2.4444145236036396,2.8313658102796997,7.15131714920264,7.06659356044987,6.2481194373554105,166.0,195.0,93.0
61119,2.5849463776397394,3.54516359767526,3.2884623122167502,5.906071849186549,6.757607660800599,6.88017332855389,236.0,181.0,146.0
61167,3.9094187207151703,3.5522630994535294,3.9921138136405796,5.71164389136497,4.863971534200879,3.4677405217387602,204.0,192.0,154.0
61178,3.10381124533613,3.6680623747254795,3.06750289056222,4.67573130581247,5.69093174889745,3.8589408514980206,251.0,174.0,232.0
61205,3.9714487869800297,3.2096205727824,3.2883104744312996,4.30675693203259,6.4617532111441,2.68112241482399,232.0,143.0,116.0
61206,3.8491375585412295,2.85066691647467,2.37619943310786,5.86346589155574,5.74928058334826,5.39093317393036,175.0,269.0,124.0
61211,4.572923216206229,3.65275873721995,3.04978412561932,5.870695591073971,7.1903064015381,5.38413436190674,221.0,133.0,129.0
61261,3.78271835577184,3.1110462542332997,3.2788006224523696,5.80976967089054,5.97400713157014,4.90151960248564,201.0,183.0,202.0
61290,4.7945509494068705,2.78414324069543,2.7203110475091106,5.269623895672829,5.90015981936968,5.16634733215262,206.0,133.0,114.0
61293,3.54108568738686,2.55154641280911,2.73448931462751,5.507739152753571,5.66357772453953,5.39693534479059,223.0,179.0,136.0
61317,3.8268066944049,3.60197201580285,2.10253290300157,4.860004760813849,5.92775134042576,4.67801489878042,240.0,157.0,207.0
61321,3.6336899318984703,3.41107023571519,2.8595995968477004,7.4235411756463,6.84957589987867,6.32337824552169,188.0,171.0,158.0
61322,3.52251069375293,3.6461341453938103,2.33066753686043,5.236687478071651,7.3827664818504,5.7035810831011595,234.0,155.0,243.0
61365,3.06723580096719,2.36367902578382,2.91456457927051,5.58019997373322,5.70359242867003,5.30824137737989,228.0,130.0,104.0
61367,4.09696837678094,2.85487219527742,2.5671766031086105,5.79981759884665,5.6914646797086705,5.01539027221965,174.0,183.0,102.0
61395,3.3553346118804104,3.00971493799497,2.57690309350297,4.457036668928421,6.6100702219810605,5.36510741504241,258.0,180.0,187.0
61480,3.67666410820931,3.37930325336318,3.5221069615198206,5.5180064318148,5.14364273264466,4.69158744342484,190.0,156.0,137.0
61483,3.7848243409374502,3.9713936664516103,1.84340984738285,4.00597880330098,4.65012206874098,4.454819118448829,297.0,238.0,96.0
61489,3.91489870691219,3.7501460797370503,3.2866752075109003,4.2780307836812,7.30036900643842,5.74421472755283,264.0,133.0,151.0
61506,3.3588742218985,2.4825445066311898,3.17311723747578,5.46056961662938,5.5164796734785995,4.40176508028196,231.0,148.0,83.0
61548,3.85623586119829,2.879914447314,3.5195638407422702,5.76411499272363,5.93477557081712,4.838625442362679,194.0,177.0,169.0
61555,3.73915456330215,3.12111669107855,3.5666177921823206,6.1608510875955895,6.182469528993289,5.279807575835071,182.0,234.0,211.0
61582,3.12908823057922,2.7368507471554104,2.26196188053965,5.826308605118911,6.57540398752221,6.6206845498985505,221.0,149.0,127.0
61595,3.8409111412769703,2.74271249753137,3.5240407250915795,4.83825095105793,6.109279635808229,4.021453420899389,249.0,129.0,163.0
61596,3.84060567461086,2.6296011852624,2.93300069830917,4.93420203231016,4.95770217424177,3.7754120843878707,269.0,163.0,202.0
61601,3.7585453007749203,2.6966149833910698,4.166257030847629,7.227820078000399,6.94438365526025,5.86641100166365,179.0,150.0,171.0
61639,3.61836254454198,3.2466709558740603,3.09313272845829,5.4981402631266505,5.50804665941616,4.47474531649058,234.0,187.0,157.0
61651,3.47903955855317,1.73653125535835,4.947563115454201,6.622171221023479,6.85355729644302,9.0078068617394,269.0,126.0,171.0
61673,3.3658355955025803,2.6433566669593,2.83019280575171,4.881000325698739,6.209118331245,4.652600391888971,250.0,136.0,141.0
61693,4.88604595727551,3.2629930365871798,2.85847399065857,4.92591529988204,5.21631192135022,3.7654779018100997,214.0,145.0,148.0
61697,4.30175837294846,3.09976886217669,3.63871487609878,5.45598473476986,5.77087145098471,4.65084550172773,166.0,194.0,159.0
61724,3.9326860215442903,2.4073005120454303,2.91877436388494,4.46806424691596,6.72875332670314,5.1104842874175,264.0,150.0,165.0
61737,2.9113436346686603,2.88543635619077,3.11595602184188,5.70000886577966,5.65456064508976,6.19003244103086,261.0,146.0,145.0
61745,2.81882862260563,3.8718177912503298,2.6166536956465603,4.862422441019479,5.34991390909272,3.05015076586492,256.0,198.0,192.0
71156,3.11644721920521,3.4547739814818503,2.1113993685471,3.7586505301845206,5.89369955569811,4.91675172550673,259.0,223.0,165.0
71241,4.16414642809847,4.000384330854771,3.8330626942092705,6.39290401128967,9.525112879345542,4.72599282490427,277.0,154.0,240.0
71325,3.8901704897804796,4.08205071209895,3.9856445604832795,7.070698472883559,6.417470868926871,5.384573002835361,218.0,146.0,223.0
71397,3.6971736078845296,5.819495652943989,4.36525896076075,6.70554617438456,4.88331622908424,4.20353651577639,152.0,148.0,258.0
71450,4.94036047451369,4.72704357650425,2.17224428493897,6.60125484456722,10.8238212234255,4.690099481949811,117.0,143.0,167.0
71455,3.73414677491604,3.34030820852461,3.13844909369647,4.56653647037747,6.28431415068829,3.85095992974156,263.0,131.0,166.0
71549,3.1641392649392004,5.6487905194588395,1.05214297792738,7.8620060759067405,7.614005050529929,5.6476435812625105,173.0,128.0,202.0
71692,4.77505949730897,4.07236668150986,2.71627924980303,7.68339975431237,7.142041759286251,6.11260052664856,132.0,177.0,145.0
81045,4.28332679873815,4.06349029227314,2.1126227920976604,5.7341537849697595,4.91774550666493,5.10869208207757,202.0,304.0,151.0
81053,4.30896298814125,3.78784204319583,2.60832015878455,5.49607944721903,5.201194441516621,4.410924770745099,222.0,239.0,175.0
81062,4.24474059786345,4.056315156025399,4.14760155056679,6.480833546743429,5.471586401124029,4.426342069393479,183.0,203.0,174.0
81063,4.4094020645019105,3.37149783970557,2.8044098749842696,7.10326633936603,6.56135739359896,6.0086049819198895,171.0,134.0,176.0
81071,3.1919559877057604,4.5017435746371905,2.57239664749657,5.430438554857839,8.897757415992091,6.0197224019372495,213.0,153.0,124.0
81074,4.175098181488471,5.417104566498371,2.8233765406560103,3.9665558297475503,4.039701706504579,3.04705292959501,270.0,158.0,244.0
81093,3.63335908849714,3.84932400666683,3.49520505677727,6.15143767989951,4.859395694747279,3.66192549106104,200.0,149.0,270.0
81094,2.9319752428740102,4.59017075094018,1.8486946956246,4.6864957495366,9.20894627381891,6.02932026399805,162.0,120.0,135.0
81155,4.9272431491781905,6.3334519705862,2.55923716724028,6.174767890804151,6.3803601004268495,4.573022076793579,201.0,309.0,212.0
81191,4.252578180964879,2.83740431833366,3.12772687884647,5.163390612027761,7.00224113273365,5.01076715440597,232.0,147.0,192.0
81194,4.40333418391798,3.60867676943463,4.6161789807363,6.43437172556785,5.74047161524494,3.51579613776684,185.0,169.0,146.0
81224,5.48200346965578,4.99922171502632,3.9072929597942005,5.07081272236855,7.92765049895821,4.1598907547178605,181.0,134.0,205.0
81235,3.35976679639422,4.2405673231204,4.05184422071407,5.624055800064629,9.07551952254212,6.43198351673294,229.0,168.0,246.0
81247,4.62309352998418,3.2102486455134196,3.02064874733223,7.10107210237157,6.62133536019518,6.039756278491999,161.0,144.0,184.0
81270,2.04766410530394,2.74934885742513,3.6636671828894705,4.31032247474419,5.63774286715173,3.9081743667931605,189.0,78.0,107.0
81320,5.0161467815761505,6.051149816054901,1.66471614612513,6.8809691378275,5.73447914636172,4.47202203887645,165.0,150.0,206.0
81325,4.64600935053501,4.06813043477805,3.5999624149683402,5.70513463089916,5.669359920861139,3.91483164917405,136.0,222.0,193.0
81326,4.464414744477651,3.2625311735654603,2.2854013535474103,7.266326422992579,5.85765289486472,4.75675071192554,132.0,160.0,194.0
81327,4.48209614082665,2.97641625572088,2.4702971256162103,6.59962342724064,4.52216918494318,4.96477311928793,194.0,96.0,206.0
81348,4.26837059981874,4.19767088340774,2.49035356799872,4.05205214720563,7.9658764268255595,5.3697162442601,256.0,178.0,175.0
81370,3.34515799552743,3.79318462803477,4.41397421608074,5.1369859656795995,5.28320158622527,3.987091094011529,258.0,131.0,263.0
81382,4.13580412535891,2.66883048918322,2.79218354989078,6.452555717438011,6.55557215557841,5.82992746128506,230.0,162.0,144.0
81390,4.93076955268258,3.14629266795644,2.90036425328912,4.19115029728057,4.42984671377758,3.42152557248187,247.0,234.0,183.0
81410,2.87605050942413,4.048671966810229,2.30262647761345,4.05010762561792,5.62180432585338,4.90614499372249,183.0,139.0,136.0
81414,5.47313340539413,3.8609244152493396,2.4388876950483698,6.4035306787289,6.43254612792807,4.55818261243871,158.0,121.0,212.0
81450,4.3020387741954105,2.97590323457329,2.99672320157481,6.498530842973071,6.5150473924057,5.85597439657965,240.0,167.0,185.0
81481,4.515551799179811,3.0210861531816398,3.26592117459963,6.10145542867234,6.21148601099109,5.017680276551499,209.0,159.0,162.0
81499,3.9413879196687205,3.8076357142106003,3.24140871688134,6.6335811060806895,5.484665804835229,4.230250257499621,138.0,205.0,213.0
81521,4.30496934140161,3.8410889785679503,3.09271611106261,6.63952570087996,5.7238478407399,5.09944679041474,150.0,186.0,161.0
81535,4.17532268429622,3.16713436098472,3.05008225125943,5.76988376979504,5.31795911057428,4.69299996582255,225.0,188.0,201.0
81537,4.88194782124812,3.41334371880471,3.21982779668678,7.32166685939776,6.5438213977375,5.98551137356969,155.0,168.0,178.0
81545,3.61529479651406,5.4195931696484605,1.10878314973304,8.16341496785472,7.961064871254659,5.5179825027398,205.0,309.0,211.0
81548,5.01258159361455,2.62709165086814,2.6700516555867497,5.457850849286561,5.37162816621271,5.186115927216279,129.0,158.0,152.0
81559,4.95733792777865,2.39000145576152,2.27582455079001,4.27011432371694,4.562453712450821,4.17860376582773,255.0,238.0,182.0
81602,4.57304400093949,3.67119618010256,1.8039505964685199,7.62470559398405,7.28447226215472,7.30488698959462,150.0,173.0,175.0
81606,3.98687355900996,3.42215634661453,3.29084084320579,6.42798584584429,6.3090118973479,4.8224447984188,193.0,199.0,190.0
91021,4.23501810885749,3.33387277504097,3.1206839233075,5.46511878739934,4.62652641061959,3.99973330945413,180.0,157.0,250.0
91097,4.77559390271203,5.07669351639815,2.82008255389592,4.24777212178614,5.87539322113615,3.7533819361481497,225.0,310.0,160.0
91106,4.58692215286662,3.8816250286895206,2.5664564279918105,4.5090605558534405,5.52518535211709,3.8203373093546102,216.0,190.0,291.0
91110,4.81087898949915,3.90617643719006,3.3268646968185402,4.75108024936011,4.408150917387971,3.7230140188969396,139.0,265.0,203.0
91118,3.8087512838491704,3.5108063013702697,3.39572513135769,5.53927621918464,5.09573637134252,3.9692461248396205,197.0,142.0,182.0
91145,4.73211055726071,3.19589376215952,3.1350341310941996,4.73763625932194,4.80045960460266,3.6110332317225398,253.0,172.0,228.0
91150,3.9831188458533795,4.16430291397233,2.85868429139822,6.368778756336529,6.129257628141111,4.88581588630151,230.0,295.0,144.0
91156,5.00971674409243,6.75246909253044,3.9747966356318796,5.6134895555093705,6.83495453361985,3.64244295146443,206.0,169.0,231.0
91187,4.3035365865399005,3.89945801668801,2.59995724047757,6.32149948614864,5.21114771979778,5.01091715442787,156.0,176.0,177.0
91209,4.20182243970416,2.55076217221948,3.32755629018977,7.08099369973096,8.54161575507265,7.74374229986653,233.0,148.0,189.0
91212,5.71820988645324,5.444840130702589,2.0025433492691698,4.82760534331553,5.66855313339304,3.1856640331415895,210.0,187.0,198.0
91239,2.19479528540515,3.2766290219292,3.7602485659977205,8.21810934043353,5.66947017113428,8.261653828684631,181.0,194.0,151.0
91240,4.941963041705961,3.6059138028840603,3.5160769258869102,4.97190664568168,5.46947461540236,3.6449180122880604,230.0,193.0,202.0
91241,4.09860606259292,2.91577557771871,2.7603137119131604,6.52693236175873,5.992090268758,4.779523083437789,173.0,161.0,167.0
91245,4.93065475188761,3.38173566076401,2.49900213491235,4.59402347447347,5.3254225718023305,4.6047861708206606,212.0,193.0,163.0
91249,4.35790327526218,3.2998308025229197,2.7739636830344803,6.231678916388921,4.48666566090203,4.35544521838187,208.0,268.0,166.0
91275,3.67986853755027,4.54376574055105,4.29122250297036,7.09538740312363,5.701664941939111,4.2060555403866005,158.0,179.0,175.0
91287,4.34880410270135,3.4662654845431002,3.94516459222043,5.3183714542707,5.357071904255251,3.14543136220768,222.0,202.0,169.0
91290,2.8276509213122196,3.8992216557816897,2.6426073417024702,7.522320097164891,8.256845559093541,7.125636478236149,224.0,180.0,222.0
91310,6.82791250695447,5.41498712354626,2.37059882630817,4.77449810026173,5.034628789138029,4.61369400833162,128.0,193.0,191.0
91313,4.79254492737224,3.0897132655716,3.62496283307003,6.471690279060939,6.89740665847356,5.24308772596175,263.0,194.0,277.0
91319,3.83264285663989,3.9516241680918105,3.4386404746229395,6.39042956864045,5.25929697080237,4.48868288626983,183.0,184.0,224.0
91326,3.87244684346093,2.7367950455259002,2.9020244564852,5.35957525452673,6.10893880677979,5.30996577556234,165.0,151.0,120.0
91421,4.4257873628008495,3.20269890084321,2.97482057163998,6.99241107858257,6.82087321495851,5.88051467063096,181.0,142.0,165.0
91464,4.2650811339017505,3.7534134186041297,2.66248939255451,7.878939138261379,7.6103664747615,7.22879058574342,197.0,268.0,117.0
101003,3.3023198826766,5.0408534291889096,4.20527084610733,8.8482124756777,8.09767975874911,6.79413315115095,202.0,163.0,126.0
101004,3.16472962209026,3.9584028712698998,2.9156387737959797,6.753655759477899,6.5738972757959395,3.98559450253224,185.0,133.0,268.0
101013,2.86063394058141,3.2625592093518203,1.11714260410572,6.28574619661641,8.12541781021024,4.87190271345263,196.0,177.0,73.0
101014,4.229704112187821,3.1729147716415604,2.68398661992507,6.14246112409205,6.8837814313751,6.62585778109179,240.0,169.0,107.0
101022,4.448689081427521,4.52820484557186,2.33185706128305,7.72704954770297,7.54947833885473,1.6777692079706,143.0,146.0,135.0
101026,4.47910709070445,3.0409656558137503,3.14062457670295,5.761078492350929,6.83138702427781,5.0379469370017596,195.0,157.0,136.0
101037,3.05060905405854,2.62544529689053,2.30275587673043,5.9891583037402,7.215758123545241,7.7642833297590705,165.0,146.0,133.0
101084,4.429426362142021,3.77514007913488,4.12249686280999,5.54289344718915,5.62482918810902,3.2630062885260798,169.0,188.0,188.0
101092,3.55590178316749,4.388237761367811,2.12650779948891,9.710863473942279,7.191753071894871,3.10047904156698,112.0,166.0,263.0
101096,3.6724770078226796,3.33946725114288,4.7582409706069395,6.48306245584842,5.49860915376346,3.3417014938212497,167.0,171.0,211.0
101103,4.5638098830568605,1.72724998623595,2.47651196257489,6.47243723777869,6.77573048228165,6.572707067280421,207.0,146.0,127.0
101119,3.54593291737978,4.38272894886186,3.92043846423705,8.30724526619608,6.70229181470088,5.70741644893388,141.0,171.0,344.0
101131,4.18441364318015,3.25563835052943,4.0098503884308405,6.129085818298139,5.67830363886931,3.6172932842715,173.0,220.0,251.0
101143,4.08213738997938,3.49246265298152,3.2482899339413303,6.35592324110488,5.7800490947463,4.76258448282212,169.0,190.0,230.0
101149,3.83980950892865,3.05184050904424,2.51935146435837,7.13725972164741,7.086783792073521,6.4423238689014894,180.0,156.0,144.0
101162,4.07074733524355,3.7542800071149,4.12236876014036,6.04557391821168,5.16149283500425,5.5885811837809705,200.0,166.0,254.0
101213,5.177032278868699,7.05193915907336,8.13456189253663,3.70775778406163,6.710800118870051,3.6347279291772105,209.0,128.0,238.0
101251,4.34089353994456,3.82697307803649,4.00198688115122,5.449524344194071,5.52770676938395,3.2115907356699,214.0,167.0,216.0
101265,4.1556986998790295,3.1906581285759104,3.86460717946978,6.25695211437549,6.04078460476596,4.92914451265306,168.0,195.0,241.0
101300,4.131181881077911,3.7037649799070103,1.7477532449155098,5.83062711188375,6.067607711222229,5.723159438212579,223.0,150.0,121.0
101311,4.54401723244668,3.27364115121009,2.09648541782816,9.04187463297062,5.61959610673486,6.6914923833484,116.0,185.0,111.0
101314,4.36885758888263,4.18649561632411,2.4616959906900897,7.37602903300553,6.3128989961005795,6.48300514762064,202.0,214.0,155.0
101333,4.547025245520761,3.13291688934116,2.1179988516926698,5.96371158219685,5.66150892410241,5.298400202209639,195.0,170.0,111.0
101335,4.2369887244270705,6.1984531650768,2.0281990691981298,5.56274262440619,7.743908568126841,5.1481866613876,267.0,120.0,267.0
101343,4.28661551040489,3.7263671498974293,1.4703281730545499,8.52263779322373,7.817428791062821,4.1933542244911,174.0,180.0,216.0
101377,3.7858454836644793,2.20744612057088,4.192643649059371,6.15977380559428,8.625356788911999,6.311247163349689,207.0,134.0,114.0
101385,3.33387717987149,2.92443660324048,3.3912084795182698,7.925055945163471,7.37723677363737,4.11925552705294,152.0,205.0,270.0
101394,4.073584755723339,2.84725795295227,4.76228924410431,8.86023367672823,9.05936139324668,8.714025340348401,162.0,173.0,179.0
101396,3.98460862395801,4.33911768297759,3.7921138338877105,6.36059219128479,6.04610285769272,3.9194657979808,171.0,167.0,206.0
101412,4.11123529558835,2.74747715102697,3.1832695006936103,5.778392963053061,5.94924835693632,6.99794829283722,238.0,157.0,115.0
101422,3.8058655039980396,3.7596616634897795,3.22629993177699,6.83404760807105,6.51378495613602,5.3100639897297,210.0,177.0,214.0
101425,3.8564309555977703,3.5472183282165397,3.39283745538748,6.0854331691078,5.077594492947149,4.0725922277725894,249.0,164.0,225.0
101436,2.91690886187994,3.0050093189467897,1.6904855521084599,5.80278152406934,6.89180645873375,8.314345428303278,196.0,168.0,124.0
101437,4.453487816187209,3.6584730367512104,2.64345198628724,7.67297451162872,6.93328112473465,6.7244464259798,129.0,120.0,131.0
101474,3.07189167305313,2.2761073167072396,3.01705044319007,6.39786729811528,5.2699502931985505,5.33832521487737,143.0,158.0,104.0
101506,4.12752052796906,4.158770045207279,4.436544302620461,6.014985556129879,3.6104790874011603,3.17737548371708,189.0,164.0,152.0
101511,4.3815769112573895,3.48336922251572,3.9471787548890203,5.9376270365172,5.71506200225197,4.3917624361000405,210.0,176.0,199.0
101516,4.45545525674832,3.89620737482441,2.3163771786247103,5.7071738759823,5.74877542050674,5.43618222708537,201.0,200.0,183.0
112115,3.63120771801768,5.685066128364579,0.0,7.55223330436082,5.65442162226917,4.469912781490399,210.0,253.0,231.0
112116,4.86744798711995,3.9395557840796207,2.4551491749531804,5.725679651610171,3.16943037904065,4.49361903627402,228.0,208.0,145.0
112149,3.36258964642475,4.432665206681899,1.88939784434153,7.383283012692551,6.2433910705855995,5.3767795331668795,141.0,155.0,182.0
112166,4.94757455056807,2.02122276365646,0.0,6.985101647253179,3.5249759111529997,4.343107371878929,214.0,91.0,155.0
112168,4.04000431587057,4.55437717650931,2.9056648070832103,6.67441179372484,2.7754234452965,4.37272619391695,139.0,251.0,276.0
112169,2.78874025295595,4.2376074412323295,1.89617881553162,8.898857901310858,5.36105656660684,6.19658332196953,243.0,153.0,274.0
112172,3.3678753390767997,4.874725199197121,1.86525936366434,7.934735023905759,6.1812352513706506,5.87613571537316,233.0,236.0,254.0
112178,3.93111834805558,4.68839488786641,1.75806466287767,7.075327308956309,4.08444821807297,3.7025158127713502,156.0,255.0,219.0
112185,3.05344247529015,6.4088785593670705,1.0330564601703198,8.01558289453259,7.347308745927109,7.9136300690375405,219.0,135.0,200.0
112201,3.50823108188106,3.8144841195940398,3.25387169356364,11.395344580340199,4.62229065317384,6.1702032130153395,205.0,129.0,236.0
112210,4.4340207344155,3.06516806418992,1.56715364269433,4.93136577663063,4.171674237180589,4.799243007040039,241.0,254.0,233.0
112211,3.81695359673341,3.6635818201765202,3.8589241476862,6.534027518980411,5.18773692856715,3.5428578818035104,205.0,202.0,277.0
112234,2.8701281626099897,2.96382248114249,0.45656325613261606,5.8307321368122,6.671029959868511,6.71864798396195,236.0,251.0,197.0
112237,2.94738160684878,1.2676143436173,1.00313040970042,5.33939521629311,4.38622830550835,4.73618567375561,194.0,157.0,126.0
112241,3.7015324401003604,4.423892670020879,1.55662216286564,6.1827023085411,5.34047712023804,5.96964743221042,253.0,106.0,150.0
112259,4.30373170341551,4.2942790152645705,2.43103733206965,5.741451396689221,2.9373832143515,4.15404833796927,225.0,252.0,201.0
112268,2.4659946261561605,4.614919524430211,1.4207329492308802,5.16899761574729,11.312027084138501,6.02036829601144,219.0,86.0,136.0
112271,3.89615471586862,3.64435104317432,0.48482510714290594,4.04317954414772,4.252386072614939,5.60253882940315,240.0,121.0,89.0
112276,4.56101934400464,4.01111108165227,1.80220036342036,5.6190459558528705,5.522579785501249,2.65219640706143,215.0,244.0,244.0
112290,2.49840298919255,2.53768515839219,1.2351215311649901,5.9128625606323,5.63559254751915,5.92587483985422,241.0,237.0,154.0
112291,3.11486143811059,3.69904921358295,1.3754029471416198,5.950317589825651,7.30408092764019,4.0257201690071,245.0,231.0,187.0
112309,3.08324322967685,4.3680711502807394,2.12262209467666,8.15776607300781,4.94601135099541,4.07592107993411,226.0,94.0,304.0
112312,3.5313773137829503,3.75424125356489,1.27581109232442,7.6339570245095,12.6786561240888,4.821883471319979,123.0,102.0,246.0
112328,3.66895302508007,4.9535312081900305,0.819443837917899,4.8658542068435,2.65535514253127,4.013183578908871,226.0,78.0,200.0
112334,5.031551333222611,4.47659100072389,3.2051422740398396,5.90538952571346,3.0054656347891,3.2861163068606802,211.0,278.0,167.0
112340,3.90270852374965,5.12463667801268,2.34830235482265,5.20889763595709,5.4960440425488395,4.9049934386005605,234.0,258.0,267.0
112346,2.64954536698834,3.0183194209846302,2.014777470821,7.66457870310035,7.0500792090596205,5.794077570136261,211.0,188.0,245.0
112372,4.747604207337989,3.9168784034272295,2.0032168652363103,4.7443307092615,4.06910161990075,4.23145480902418,259.0,197.0,219.0
112375,3.8185569481237898,4.75916441086461,1.74996085952059,6.61079597488393,6.246769775256679,5.2317758524552405,233.0,254.0,194.0
112396,4.343088115127521,3.0911418815295804,2.14212430903447,6.334769239737359,4.59417351462311,5.06062627273804,234.0,266.0,140.0
112405,5.180275625655501,2.43861080558217,4.21365362024546,4.98564601851353,4.91381002045875,4.8569042990706,161.0,183.0,233.0
112406,6.15567628201796,4.9839355370131395,3.0024806767675503,6.02770705319916,2.7721534224749,4.10053537591535,241.0,241.0,251.0
112436,5.03072330169039,7.1628518073192,0.0,5.9153334863771,3.08288056808577,2.32364208616099,236.0,261.0,141.0
112446,3.9700440174158005,4.648646091933021,2.15121417628438,4.29701447406555,7.37916525444253,5.6477144600557905,233.0,182.0,175.0
112447,3.5558497300272895,3.8606478412352296,3.20457269079067,6.18773632511463,4.816546406912339,3.87637530287895,224.0,138.0,295.0
112453,3.96923568655827,3.9507314074800504,2.91166533984305,6.76125349382127,5.84826464322307,5.1283461160668,297.0,165.0,282.0
112466,3.9965084410328604,4.5046118336977,2.46346496946409,7.12687630354514,4.2990997940486295,4.26309982253011,235.0,239.0,235.0
112476,3.30503455545728,4.79643635234786,2.1225208066336103,3.90970979329083,7.845371145279929,3.6546741468013497,274.0,133.0,256.0
112477,3.90193604974641,3.46358638452888,3.3824809625307397,8.82488603149959,5.64675358419583,6.62780263147872,227.0,245.0,217.0
112493,3.8326181151000704,3.50739280220521,2.44263530239923,6.0430071792394395,7.091365723916359,5.26001143641164,235.0,175.0,195.0
112509,4.28983029006959,3.15903338887283,1.26986419140958,7.01375871371022,5.03190311423536,6.4232764027036,236.0,244.0,180.0
112528,3.69057994486568,4.34863866751568,4.2444854160348795,6.96931793819714,6.07162980817323,4.129024277828779,222.0,195.0,247.0
112530,4.604400445590129,7.19241335292167,2.26642953114728,6.45728313215278,3.8199194830650898,5.24878417761871,230.0,238.0,217.0
112531,3.60215823087548,2.9241760584692003,2.63763008796981,6.2892394864537,5.84707075425333,5.18971177082295,285.0,160.0,229.0
121038,4.856768783153271,3.2983850526349103,3.33037260070237,4.4434754992934895,4.51450718907903,3.0890562554488703,209.0,194.0,244.0
121046,4.40830693155505,3.33273057863378,3.3504328159784302,4.84310807030605,3.65940366739885,3.3780398868806,230.0,281.0,223.0
121064,3.5195244213854897,4.731449815614111,2.3374068803428,5.4586369954324,4.6635911822266705,4.86769059712762,193.0,276.0,255.0
121082,2.8069025711900304,2.5412994269110696,4.676098859062829,5.96005202559099,10.3426471329652,7.310142651455841,128.0,182.0,202.0
121110,3.65108682842715,3.13088636680991,4.02808369584829,8.791912499797201,7.109273535039851,7.4544914974780205,253.0,217.0,109.0
121136,3.4817323441821197,2.1402405053214397,4.66443496912144,4.8420447519416,6.23548810592281,4.33019692703584,254.0,169.0,330.0
121139,4.237701489945771,2.74039140130363,1.83853641668865,6.5133936155503,6.00308230960648,6.07048035877562,242.0,258.0,189.0
121140,3.2311102654326698,3.46456506616489,3.89168203244462,5.91628788955463,5.4138997020004895,4.7904402822835,254.0,288.0,130.0
121141,3.6768450923054705,2.46940141110296,3.0828674778849603,4.42691590323068,7.0018416441396205,5.81300220034939,266.0,181.0,277.0
121173,4.55156489852593,3.2900747306313702,2.49590962203034,7.445587617389741,4.46462399615811,4.65011875705555,232.0,286.0,193.0
121175,3.87772311381198,2.49168823658448,1.9049280956826302,5.07365563505313,6.758081495794,3.44820100346333,238.0,269.0,174.0
121189,2.1949844861710104,2.5469030605566503,3.34702722750854,8.738731801517591,4.74161018260631,10.4935805877245,225.0,254.0,99.0
121190,3.1089335983018898,5.8255878269786,1.48024107134746,9.29889757387192,7.568095035437921,7.7283404553221695,256.0,160.0,149.0
121194,7.75547476201405,4.88459919908237,4.1108386117516496,7.26999717639961,4.6747474639204,5.68989494192802,103.0,237.0,167.0
121200,4.62353914134125,1.8917326589252899,4.80423041755336,6.56921082592065,8.67851114138556,7.949692907970091,261.0,242.0,233.0
121202,3.4911820670556604,2.9469387653271104,3.75489062361464,6.82292756448908,7.03169548276111,5.47368541867319,134.0,233.0,119.0
121219,2.2285889638257896,2.0959521111928,2.58898119173124,5.9075056626543105,3.992830537437921,3.8492496985749205,239.0,221.0,116.0
121245,5.16580722734459,2.3517301522731398,3.25136897873598,7.0092037633370605,7.00795163309646,6.335928884386701,247.0,272.0,114.0
121280,4.49308598579953,2.95667552643956,3.60126373439271,6.044765826151489,5.90308703722724,4.81665786533359,248.0,215.0,205.0
121285,4.4020031764350795,3.16353431725477,2.49808032146686,5.18227470929632,5.51099195824632,4.812680520561811,85.0,220.0,149.0
121306,4.51973404035084,3.6726580710455896,2.84562050856727,6.33234628179495,5.21710247990166,5.2468394431726395,215.0,274.0,244.0
121319,3.29802553603658,3.08205819310068,4.97484802250955,6.73675169920475,7.89101223525949,5.504432540015,253.0,202.0,203.0
121323,1.5768156039989998,3.067201454098,1.85199374389672,6.84352034095957,4.902295701626129,4.99068341469733,244.0,281.0,125.0
121341,3.5822425005762297,3.27268882932681,2.02209551180341,6.76568880032359,5.834111965053401,5.32900958522175,252.0,224.0,161.0
121347,2.51495141220634,3.4501391717145102,2.91479103628511,5.93066057316527,5.18531254036636,5.35097968026305,237.0,243.0,219.0
121348,4.97658918402677,3.8824194408759,2.8507299137913398,5.32345590582053,3.5734425938169796,3.67456831889171,234.0,277.0,253.0
121353,4.7512622038207795,3.0353419961959602,2.86003259592599,4.41063058747605,4.44006205344227,3.4000168777112396,214.0,274.0,257.0
121369,3.89110725545612,3.50907064947322,3.18445942614916,5.6246066884403705,5.47498346279512,4.64301804215234,252.0,245.0,222.0
121392,3.9714144584302202,3.0624901819582098,1.7946850929237002,7.120644445900109,7.45670881627596,5.89394318548199,270.0,191.0,125.0
121404,3.01433871506232,2.1341004529800602,2.33698450949935,8.171677035945208,6.95680762339414,5.929423065151321,238.0,215.0,254.0
121416,1.81149926691977,1.64950502511585,1.0591874143776199,6.97477820256582,4.55687215248261,3.81667027754254,260.0,217.0,131.0
121435,3.78371686848727,3.1716784973140997,5.16549918652931,9.73129492904315,8.04687597414026,7.188131317896641,120.0,279.0,104.0
121438,4.11122299537059,2.6196697649332497,1.40444141885578,14.3490319130864,7.397915661164821,7.18916677221262,99.0,245.0,145.0
121461,5.15153919464294,3.72958888912965,3.4703102695151395,4.4526821901559295,3.7010787411760897,3.25184434237981,234.0,232.0,205.0
121470,2.6830791454633895,3.8937925425335704,2.37022895412593,7.69099071270168,7.98017722734669,8.22210128071292,249.0,209.0,160.0
121480,3.94207796439043,4.07618771539936,2.8015427927050895,6.39707284617454,5.55597098896172,5.06778686128399,250.0,262.0,204.0
121486,4.6484123771685395,3.68051577153031,1.95385744998088,5.5958677049289705,8.85345967234372,5.249073777720071,249.0,199.0,201.0
121500,3.73557275906651,3.28718906186448,2.07308833071489,7.599436271350751,4.88503662799497,5.393109278651799,108.0,253.0,138.0
121533,5.16340624599657,3.3041479265084304,2.35293618626857,5.24945322561234,3.35495238585873,4.13805481649316,213.0,301.0,250.0
121541,5.16061748745787,2.66842797971591,2.24944285134294,4.05421970293945,3.97596365596708,3.54437930490204,254.0,259.0,167.0
131001,4.30271010443672,5.043133302738079,3.48337443894925,5.3334177913625505,5.836937212452161,3.3601761682301396,275.0,257.0,206.0
131019,3.41965566171666,4.35086179797369,3.23747864436876,5.96651320874871,4.97197398791564,4.15928508197602,200.0,264.0,194.0
131021,3.8512174953908205,3.50143768674133,3.0965475910892604,6.448108774024149,8.04359058781801,5.90923357257798,207.0,124.0,179.0
131025,3.94488422254815,3.50574562103917,2.25669052204882,7.939666145275779,7.164484547560459,7.0616753456074095,261.0,161.0,139.0
131035,2.83497712352005,3.44374868787276,2.59061083271856,6.63628034717596,6.67954092576297,7.235955516599691,280.0,256.0,154.0
131060,3.63838765756176,4.5697682368688,5.44339962618518,6.602238638514939,6.65585477059168,2.74638337608838,288.0,200.0,145.0
131071,3.5202719835683105,2.18218125889812,4.15052580041599,5.0283531747342405,5.76838648431708,2.6047635052450397,254.0,117.0,119.0
131100,4.325669738917401,3.76593735170192,2.0460646108554803,6.22858246892476,4.81877765594791,5.53769134327497,233.0,111.0,192.0
131107,4.1498268789052295,2.76746565167145,2.72312967962681,5.20756252881366,5.85615505385752,4.3347818023769795,282.0,118.0,217.0
131111,4.12305057348219,3.83718732493771,4.4414788706910295,6.05598467105174,6.15914531890556,3.2419727508484897,225.0,241.0,241.0
131126,2.93963395292253,2.62541158700911,1.57988985649038,4.87048980464205,3.42789831337001,4.07751683023257,287.0,277.0,210.0
131140,4.37635411439304,4.55083882292262,2.1643309684337697,4.5099693246682095,6.57896857804228,5.68407358189964,254.0,268.0,183.0
131147,4.6796713813889,2.9220553715497797,5.80097186557764,5.74110684695956,6.3978083494305205,3.58958691204086,273.0,128.0,133.0
131153,3.4932643411634396,2.71922276199032,0.26613879298354004,4.97482230979167,4.85067725430646,7.2879104380864,263.0,164.0,126.0
131168,4.070035224190379,4.93669362793151,2.7590799713977496,3.7098225290046,5.697033178719929,4.89110917992878,275.0,241.0,112.0
131170,4.20797044800055,2.70877407467135,3.76336565107425,6.63235496283824,6.47982399977452,5.572826605085179,307.0,140.0,201.0
131174,3.9755251069343793,2.86690783504563,2.59296679126252,6.75433523918478,7.200075764482721,7.199476620948291,266.0,237.0,178.0
131176,4.68596104777256,3.89954999228558,2.5288509106804002,4.88799017944298,9.61143316099392,5.55310192148679,238.0,192.0,185.0
131197,3.3881432299631498,4.715538739215949,2.98968239589147,6.2584662572847405,5.46775804214858,5.19637860380102,260.0,256.0,192.0
131198,3.19619544048116,3.16058561920083,2.38566584522372,5.21399866703456,5.358219413268329,4.87762135136778,262.0,240.0,154.0
131222,3.8094097045120203,4.2158402683411795,6.4728775626393995,5.977104500451079,6.05433165566501,1.3921874162119598,267.0,214.0,232.0
131226,4.80577745837631,2.9468938615984395,2.46469251195245,5.9510930216605,5.258723100591101,5.13065828697665,200.0,135.0,113.0
131229,4.60556259296736,2.04134897347682,3.78703626950166,6.23140183308382,6.64120161731267,6.27506991622324,293.0,176.0,133.0
131236,3.03805270390169,5.38768202374299,3.5547505147401797,9.20569261658717,7.63538057929163,6.677605647312439,102.0,255.0,187.0
131243,5.34976945094029,2.3155284987170504,3.24843699085971,7.6632841518047705,5.68263599758471,9.45075910580282,140.0,271.0,125.0
131246,3.5064558862726303,2.87269597524592,1.9392389287093499,8.711123580671728,12.393021562570901,5.313365992308309,223.0,139.0,181.0
131257,4.64645581263859,3.2819551625526504,2.14764324962581,6.26149270101141,6.9664208847538704,5.64032467380878,260.0,124.0,133.0
131270,3.85089000115615,2.10461113044927,3.5050034390404896,7.22927287126887,6.745066198408639,7.5002865544708595,259.0,130.0,138.0
131272,4.253810740824039,3.6629321256062797,2.21124278295798,5.28362840616484,6.72884841022174,5.277401172951221,273.0,168.0,129.0
131282,4.37931393174387,3.1947587961897397,2.99080808240983,5.63028823118454,5.87994975187019,4.07017212170398,275.0,122.0,115.0
131322,3.8947917302017503,3.6850685507984897,1.60630633775556,7.487195071119221,8.79944884121442,4.35744062547288,227.0,128.0,209.0
131365,3.3903313317526798,5.12745307439973,0.0,4.78123609868398,6.289365380900571,4.4015951036824505,188.0,101.0,159.0
131366,4.2546243208623,3.69727722865496,2.46937476023635,6.53473811507853,5.74163387230997,5.76605593149792,239.0,158.0,191.0
131374,3.1540395052715198,3.3217560321413804,2.6520898423924804,6.6846008368860295,6.59463753411135,4.86123559468841,226.0,139.0,108.0
131386,3.81668662816827,5.147680103702279,1.7752257997296699,6.70291781249889,7.04323309026553,5.63882613417977,259.0,139.0,213.0
131389,3.51595716116985,3.4941141886468,3.066481319832,4.9223082816727,6.03611124278702,4.766219002871029,262.0,129.0,217.0
131400,3.7142429094343896,4.20788505486642,5.07083904919636,5.77738139208739,7.0051775859322705,3.40930339927371,273.0,117.0,154.0
131406,4.24273550567215,4.09002676352157,1.92382291464547,7.53737401276092,5.915868098267589,3.7967398489580395,185.0,128.0,181.0
131439,4.00536347203942,3.4570971148876497,3.0420395247052,7.22988559140941,7.211543388703059,4.75776050515572,214.0,154.0,171.0
131443,3.05637616608159,2.93695568787618,2.21495393546896,6.480658050091,5.287831458459329,7.44943365607672,273.0,226.0,114.0
131446,3.98474268397591,4.75469562420636,4.15079548742893,7.09239074066465,5.7229766620688896,4.62224250793935,169.0,268.0,161.0
131457,3.5601343097521703,3.3827292526826196,2.55981194241213,4.5745679578480205,6.0365793183273695,4.1687808801643005,291.0,146.0,134.0
131493,3.52930021781484,2.9669443545323397,2.80076862738063,6.55043471911744,7.00971754639523,6.8046627885940705,262.0,121.0,211.0
131501,4.18905043996896,3.6164156107699896,0.9891789145484119,7.908707664771971,6.21984443616666,9.15674486377035,178.0,143.0,145.0
131512,3.49030394014132,4.02143179170951,2.6814041559540702,6.59543422044744,7.244568230551041,6.16698784795226,271.0,236.0,185.0
131532,3.6389902496752002,3.98073662167978,2.20195914231665,7.47580416052496,6.248659561772779,6.21595807824826,264.0,268.0,133.0
131537,3.3880824983349,3.7126299124282705,3.55480121151849,5.95921893492584,5.71550279053342,4.8213121740516796,233.0,253.0,186.0
141141,4.654929915965851,2.25917331382579,2.21135612922735,6.0588501523839,5.607813803261689,5.4148375778633495,212.0,292.0,205.0
